ddAAA_S0
0.5d0 0.131491282984d0 -0.22366346846d0 0.427416302188d0
0.5d0 -0.131491282984d0 0.22366346846d0 -0.427416302188d0
0.225593248036d0 0.142987340534d0 0.169225303674d0 -0.0425409285645d0
0.390049419595d0 -0.0469851123772d0 -0.0265829158068d0 0.386295608995d0
0.384357332368d0 -0.0960022281566d0 -0.142642387867d0 -0.34375468043d0
ddAAA_S1
0.5d0 -0.172036560083d0 -0.307440139342d0 -0.354801328516d0
0.5d0 0.172036560083d0 0.307440139342d0 0.354801328516d0
0.329499781133d0 0.230526871107d0 -0.109124723817d0 0.208612708424d0
0.291488997649d0 -0.237212246717d0 -0.158560830436d0 0.0596208756157d0
0.379011221219d0 0.0066853756103d0 0.267685554253d0 -0.26823358404d0
ddAAA_S2
0.5d0 -0.163105373719d0 -0.200818179991d0 -0.427865277452d0
0.5d0 0.163105373719d0 0.200818179991d0 0.427865277452d0
0.108472264532d0 -0.0429994890733d0 0.00277334751489d0 0.0995468967653d0
0.404490851382d0 -0.133163731057d0 0.293136704223d0 0.244849223442d0
0.487036884086d0 0.176163220131d0 -0.295910051738d0 -0.344396120207d0
ddAAA_S3
0.5d0 0.00969890435753d0 0.351985028843d0 0.354982352695d0
0.5d0 -0.00969890435753d0 -0.351985028843d0 -0.354982352695d0
0.419398678056d0 0.0043429261586d0 0.301970130152d0 -0.291016203404d0
0.224601048713d0 -0.122018875107d0 -0.186944956126d0 -0.024669993506d0
0.356000273231d0 0.117675948949d0 -0.115025174026d0 0.31568619691d0
ddAAA_S4
0.5d0 0.263743517496d0 0.242764492613d0 -0.3485753263d0
0.5d0 -0.263743517496d0 -0.242764492613d0 0.3485753263d0
0.226383875412d0 -0.201064605037d0 -0.100586364936d0 -0.0265530946769d0
0.395268599776d0 0.267094613216d0 -0.147788221773d0 -0.251110284666d0
0.378347524812d0 -0.0660300081796d0 0.248374586709d0 0.277663379343d0
ddAAA_S5
0.5d0 0.482911906134d0 -0.0133689180162d0 0.128908350953d0
0.5d0 -0.482911906134d0 0.0133689180162d0 -0.128908350953d0
0.457943406914d0 -0.145805977936d0 0.168662567123d0 0.400007148918d0
0.389003414455d0 0.0192069418081d0 -0.211903763244d0 -0.325655561855d0
0.153053178631d0 0.126599036128d0 0.0432411961208d0 -0.0743515870626d0
ddAAA_S6
0.5d0 -0.375199913269d0 -0.321200296403d0 0.0778164164788d0
0.5d0 0.375199913269d0 0.321200296403d0 -0.0778164164788d0
0.370806881981d0 0.337697799383d0 0.152987355173d0 -0.00726699206956d0
0.334010097349d0 -0.122896344357d0 -0.249133304619d0 0.18545034431d0
0.29518302067d0 -0.214801455026d0 0.0961459494454d0 -0.178183352241d0
ddAAA_S7
0.5d0 0.211195256829d0 0.451744288428d0 0.036382157243d0
0.5d0 -0.211195256829d0 -0.451744288428d0 -0.036382157243d0
0.358544543364d0 0.324981934303d0 0.103755961266d0 -0.110343248342d0
0.461845855313d0 -0.406194534535d0 -0.219789858149d0 -0.000111526227058d0
0.179609601323d0 0.0812126002327d0 0.116033896883d0 0.110454774569d0
ddAAA_S8
0.5d0 0.0276594266993d0 -0.239585659839d0 -0.437988204995d0
0.5d0 -0.0276594266993d0 0.239585659839d0 0.437988204995d0
0.0632852986041d0 -0.0602611339033d0 0.0139930408361d0 -0.0133349003843d0
0.471004461062d0 0.0899863233778d0 0.352405058426d0 0.299262992602d0
0.465710240334d0 -0.0297251894745d0 -0.366398099262d0 -0.285928092218d0
ddAAA_S9
0.5d0 -0.313355830149d0 -0.306268764927d0 -0.240847601902d0
0.5d0 0.313355830149d0 0.306268764927d0 0.240847601902d0
0.494812923057d0 -0.244289625058d0 -0.403375876035d0 -0.149834276941d0
0.389818537038d0 0.203143407954d0 0.323578833094d0 0.0773820805928d0
0.115368539905d0 0.0411462171042d0 0.0797970429412d0 0.0724521963483d0
